# sweepparam	measured1
# "sweepparam"	"measured1"
# 928
-3	-294455
-2.99353	-282292
-2.98707	-283302
-2.9806	-286368
-2.97414	-289885
-2.96767	-291904
-2.96121	-294349
-2.95474	-296192
-2.94828	-288371
-2.94181	-287184
-2.93534	-289322
-2.92888	-284664
-2.92241	-285200
-2.91595	-284695
-2.90948	-281568
-2.90302	-277770
-2.89655	-285196
-2.89009	-284334
-2.88362	-279691
-2.87716	-271514
-2.87069	-278436
-2.86422	-277659
-2.85776	-280832
-2.85129	-282651
-2.84483	-278223
-2.83836	-282992
-2.8319	-278297
-2.82543	-282228
-2.81897	-279526
-2.8125	-274890
-2.80603	-263599
-2.79957	-267000
-2.7931	-275209
-2.78664	-263481
-2.78017	-268561
-2.77371	-268177
-2.76724	-261347
-2.76078	-259577
-2.75431	-256418
-2.74784	-253363
-2.74138	-262889
-2.73491	-267236
-2.72845	-261536
-2.72198	-262975
-2.71552	-264987
-2.70905	-259534
-2.70259	-250751
-2.69612	-249130
-2.68966	-247750
-2.68319	-254076
-2.67672	-251993
-2.67026	-250105
-2.66379	-245170
-2.65733	-247349
-2.65086	-245093
-2.6444	-245323
-2.63793	-243014
-2.63147	-237481
-2.625	-242467
-2.61853	-246717
-2.61207	-242308
-2.6056	-232121
-2.59914	-233212
-2.59267	-237166
-2.58621	-234857
-2.57974	-231507
-2.57328	-227733
-2.56681	-232879
-2.56034	-234860
-2.55388	-236221
-2.54741	-233664
-2.54095	-232744
-2.53448	-223385
-2.52802	-227587
-2.52155	-222526
-2.51509	-222732
-2.50862	-215682
-2.50216	-217021
-2.49569	-217577
-2.48922	-217105
-2.48276	-210004
-2.47629	-213409
-2.46983	-218544
-2.46336	-208046
-2.4569	-220208
-2.45043	-216608
-2.44397	-207815
-2.4375	-202904
-2.43103	-202159
-2.42457	-195754
-2.4181	-199551
-2.41164	-199350
-2.40517	-197166
-2.39871	-197522
-2.39224	-207502
-2.38578	-198065
-2.37931	-199977
-2.37284	-197197
-2.36638	-196794
-2.35991	-200223
-2.35345	-195704
-2.34698	-188821
-2.34052	-185097
-2.33405	-196323
-2.32759	-192437
-2.32112	-190082
-2.31466	-197389
-2.30819	-193290
-2.30172	-191151
-2.29526	-185864
-2.28879	-177643
-2.28233	-180457
-2.27586	-181708
-2.2694	-180361
-2.26293	-174454
-2.25647	-170373
-2.25	-182981
-2.24353	-182652
-2.23707	-182396
-2.2306	-184276
-2.22414	-179064
-2.21767	-170693
-2.21121	-169694
-2.20474	-176422
-2.19828	-173254
-2.19181	-168059
-2.18534	-161182
-2.17888	-168073
-2.17241	-169243
-2.16595	-171503
-2.15948	-166930
-2.15302	-171632
-2.14655	-175066
-2.14009	-172572
-2.13362	-164171
-2.12716	-173143
-2.12069	-174041
-2.11422	-169901
-2.10776	-177960
-2.10129	-163553
-2.09483	-158317
-2.08836	-161194
-2.0819	-172074
-2.07543	-161566
-2.06897	-155721
-2.0625	-144985
-2.05603	-147846
-2.04957	-151911
-2.0431	-144820
-2.03664	-145423
-2.03017	-144680
-2.02371	-152308
-2.01724	-148630
-2.01078	-133842
-2.00431	-138564
-1.99784	-146774
-1.99138	-142926
-1.98491	-141173
-1.97845	-135209
-1.97198	-145096
-1.96552	-143603
-1.95905	-140377
-1.95259	-142628
-1.94612	-131699
-1.93966	-139031
-1.93319	-139766
-1.92672	-141716
-1.92026	-137856
-1.91379	-131268
-1.90733	-137401
-1.90086	-138953
-1.8944	-135658
-1.88793	-126044
-1.88147	-130796
-1.875	-118380
-1.86853	-121666
-1.86207	-117916
-1.8556	-116223
-1.84914	-109543
-1.84267	-119271
-1.83621	-130202
-1.82974	-114380
-1.82328	-116661
-1.81681	-136304
-1.81034	-134039
-1.80388	-123607
-1.79741	-125005
-1.79095	-115429
-1.78448	-107103
-1.77802	-115346
-1.77155	-106189
-1.76509	-95757
-1.75862	-101443
-1.75216	-96599
-1.74569	-95494
-1.73922	-103205
-1.73276	-98834
-1.72629	-96225
-1.71983	-102149
-1.71336	-104909
-1.7069	-102888
-1.70043	-104932
-1.69397	-99351
-1.6875	-99238
-1.68103	-95194
-1.67457	-96331
-1.6681	-98016
-1.66164	-96375
-1.65517	-99871
-1.64871	-107861
-1.64224	-100493
-1.63578	-93583
-1.62931	-91328
-1.62284	-91155
-1.61638	-91208
-1.60991	-84775
-1.60345	-86971
-1.59698	-82263
-1.59052	-80835
-1.58405	-79183
-1.57759	-85978
-1.57112	-82665
-1.56466	-82257
-1.55819	-84950
-1.55172	-75785
-1.54526	-68722
-1.53879	-69001
-1.53233	-72816
-1.52586	-71417
-1.5194	-83163
-1.51293	-75800
-1.50647	-81734
-1.5	-80454
-1.49353	-72337
-1.48707	-57728
-1.4806	-57928
-1.47414	-60850
-1.46767	-74392
-1.46121	-70875
-1.45474	-68624
-1.44828	-74298
-1.44181	-75721
-1.43534	-74935
-1.42888	-63580
-1.42241	-60848
-1.41595	-72720
-1.40948	-66742
-1.40302	-62778
-1.39655	-62884
-1.39009	-64364
-1.38362	-65195
-1.37716	-59815
-1.37069	-48457
-1.36422	-60206
-1.35776	-64374
-1.35129	-48138
-1.34483	-48357
-1.33836	-57946
-1.3319	-52527
-1.32543	-54129
-1.31897	-53762
-1.3125	-54979
-1.30603	-54055
-1.29957	-54586
-1.2931	-51613
-1.28664	-44507
-1.28017	-41841
-1.27371	-44951
-1.26724	-52643
-1.26078	-44983
-1.25431	-50757
-1.24784	-48624
-1.24138	-44480
-1.23491	-46102
-1.22845	-44786
-1.22198	-49355
-1.21552	-48161
-1.20905	-42609
-1.20259	-39900
-1.19612	-40627
-1.18966	-46520
-1.18319	-46027
-1.17672	-42759
-1.17026	-41404
-1.16379	-46548
-1.15733	-51070
-1.15086	-36977
-1.1444	-47526
-1.13793	-51945
-1.13147	-44879
-1.125	-46848
-1.11853	-48929
-1.11207	-50278
-1.1056	-45753
-1.09914	-40408
-1.09267	-39833
-1.08621	-34409
-1.07974	-35860
-1.07328	-35033
-1.06681	-35173
-1.06034	-42954
-1.05388	-35526
-1.04741	-38256
-1.04095	-36575
-1.03448	-37310
-1.02802	-36333
-1.02155	-28747
-1.01509	-32903
-1.00862	-41617
-1.00216	-29745
-0.99569	-32547
-0.989224	-29067
-0.982759	-35705
-0.976293	-31503
-0.969828	-30146
-0.963362	-39041
-0.956897	-37588
-0.950431	-34524
-0.943966	-37165
-0.9375	-25068
-0.931034	-29089
-0.924569	-34509
-0.918103	-37893
-0.911638	-30359
-0.905172	-19840
-0.898707	-26255
-0.892241	-30171
-0.885776	-28853
-0.87931	-25328
-0.872845	-26071
-0.866379	-25054
-0.859914	-21692
-0.853448	-27006
-0.846983	-41767
-0.840517	-44660
-0.834052	-33198
-0.827586	-32336
-0.821121	-26555
-0.814655	-28951
-0.80819	-29147
-0.801724	-32237
-0.795259	-32188
-0.788793	-45214
-0.782328	-39620
-0.775862	-30909
-0.769397	-28332
-0.762931	-29135
-0.756466	-30424
-0.75	-22087
-0.743534	-21578
-0.737069	-31586
-0.730603	-39658
-0.724138	-37912
-0.717672	-33961
-0.711207	-33491
-0.704741	-31335
-0.698276	-34312
-0.69181	-45622
-0.685345	-52507
-0.678879	-38139
-0.672414	-40911
-0.665948	-51301
-0.659483	-48310
-0.653017	-47301
-0.646552	-51450
-0.640086	-44678
-0.633621	-52831
-0.627155	-48774
-0.62069	-50863
-0.614224	-59968
-0.607759	-53040
-0.601293	-56407
-0.594828	-55335
-0.588362	-60486
-0.581897	-71569
-0.575431	-66710
-0.568966	-67425
-0.5625	-79771
-0.556034	-73443
-0.549569	-72916
-0.543103	-72103
-0.536638	-79114
-0.530172	-80883
-0.523707	-84315
-0.517241	-96141
-0.510776	-88697
-0.50431	-83789
-0.497845	-88791
-0.491379	-97999
-0.484914	-97214
-0.478448	-101530
-0.471983	-108616
-0.465517	-115765
-0.459052	-104033
-0.452586	-106349
-0.446121	-109413
-0.439655	-120120
-0.43319	-115246
-0.426724	-120578
-0.420259	-135806
-0.413793	-140573
-0.407328	-132105
-0.400862	-136022
-0.394397	-153001
-0.387931	-150354
-0.381466	-154106
-0.375	-164269
-0.368534	-175173
-0.362069	-181134
-0.355603	-176050
-0.349138	-177205
-0.342672	-187013
-0.336207	-193705
-0.329741	-197792
-0.323276	-208996
-0.31681	-219877
-0.310345	-220514
-0.303879	-215565
-0.297414	-228906
-0.290948	-234186
-0.284483	-242179
-0.278017	-255761
-0.271552	-260032
-0.265086	-265274
-0.258621	-262476
-0.252155	-278308
-0.24569	-274582
-0.239224	-277080
-0.232759	-300207
-0.226293	-303316
-0.219828	-310383
-0.213362	-325501
-0.206897	-332706
-0.200431	-342090
-0.193966	-346150
-0.1875	-354436
-0.181034	-366298
-0.174569	-380272
-0.168103	-392967
-0.161638	-398442
-0.155172	-408124
-0.148707	-422492
-0.142241	-424114
-0.135776	-431133
-0.12931	-447413
-0.122845	-466363
-0.116379	-475471
-0.109914	-475723
-0.103448	-480549
-0.0969828	-500262
-0.0905172	-504613
-0.0840517	-512372
-0.0775862	-529892
-0.0711207	-540696
-0.0646552	-552372
-0.0581897	-566587
-0.0517241	-571530
-0.0452586	-588768
-0.0387931	-595415
-0.0323276	-606269
-0.0258621	-617746
-0.0193966	-634877
-0.012931	-648082
-0.00646552	-647774
0	-661061
0.00646552	-667578
0.012931	-679056
0.0193966	-697468
0.0258621	-704139
0.0323276	-711677
0.0387931	-724983
0.0452586	-736226
0.0517241	-764065
0.0581897	-780842
0.0646552	-796317
0.0711207	-798313
0.0775862	-805139
0.0840517	-817286
0.0905172	-824124
0.0969828	-831635
0.103448	-858253
0.109914	-863856
0.116379	-870786
0.122845	-878202
0.12931	-882797
0.135776	-897939
0.142241	-922384
0.148707	-935167
0.155172	-935469
0.161638	-940719
0.168103	-948514
0.174569	-966461
0.181034	-982227
0.1875	-986150
0.193966	-1.0027e+06
0.200431	-1.00947e+06
0.206897	-1.02406e+06
0.213362	-1.03694e+06
0.219828	-1.04146e+06
0.226293	-1.05247e+06
0.232759	-1.06762e+06
0.239224	-1.07142e+06
0.24569	-1.06972e+06
0.252155	-1.08232e+06
0.258621	-1.08621e+06
0.265086	-1.09705e+06
0.271552	-1.11084e+06
0.278017	-1.12352e+06
0.284483	-1.12674e+06
0.290948	-1.13802e+06
0.297414	-1.14246e+06
0.303879	-1.1516e+06
0.310345	-1.16018e+06
0.31681	-1.16433e+06
0.323276	-1.1747e+06
0.329741	-1.17847e+06
0.336207	-1.17934e+06
0.342672	-1.18219e+06
0.349138	-1.19228e+06
0.355603	-1.19963e+06
0.362069	-1.20992e+06
0.368534	-1.2204e+06
0.375	-1.22505e+06
0.381466	-1.22489e+06
0.387931	-1.22675e+06
0.394397	-1.23932e+06
0.400862	-1.2448e+06
0.407328	-1.24293e+06
0.413793	-1.2557e+06
0.420259	-1.26412e+06
0.426724	-1.26838e+06
0.43319	-1.26458e+06
0.439655	-1.27188e+06
0.446121	-1.2737e+06
0.452586	-1.27534e+06
0.459052	-1.28743e+06
0.465517	-1.29648e+06
0.471983	-1.30146e+06
0.478448	-1.31587e+06
0.484914	-1.31785e+06
0.491379	-1.31098e+06
0.497845	-1.30946e+06
0.50431	-1.31347e+06
0.510776	-1.31316e+06
0.517241	-1.32265e+06
0.523707	-1.32907e+06
0.530172	-1.32360e+06
0.536638	-1.32612e+06
0.543103	-1.33052e+06
0.549569	-1.33554e+06
0.556034	-1.34754e+06
0.5625	-1.35347e+06
0.568966	-1.3466e+06
0.575431	-1.35067e+06
0.581897	-1.35135e+06
0.588362	-1.35339e+06
0.594828	-1.34938e+06
0.601293	-1.35381e+06
0.607759	-1.36013e+06
0.614224	-1.36514e+06
0.62069	-1.36469e+06
0.627155	-1.36212e+06
0.633621	-1.36722e+06
0.640086	-1.37888e+06
0.646552	-1.38144e+06
0.653017	-1.3817e+06
0.659483	-1.37736e+06
0.665948	-1.37707e+06
0.672414	-1.38675e+06
0.678879	-1.38827e+06
0.685345	-1.39234e+06
0.69181	-1.38726e+06
0.698276	-1.38907e+06
0.704741	-1.40200e+06
0.711207	-1.39996e+06
0.717672	-1.39705e+06
0.724138	-1.39749e+06
0.730603	-1.40714e+06
0.737069	-1.41649e+06
0.743534	-1.41008e+06
0.75	-1.40431e+06
0.756466	-1.41358e+06
0.762931	-1.41052e+06
0.769397	-1.41378e+06
0.775862	-1.40922e+06
0.782328	-1.41345e+06
0.788793	-1.42340e+06
0.795259	-1.42122e+06
0.801724	-1.41882e+06
0.80819	-1.41073e+06
0.814655	-1.39817e+06
0.821121	-1.40685e+06
0.827586	-1.42348e+06
0.834052	-1.41956e+06
0.840517	-1.42221e+06
0.846983	-1.42524e+06
0.853448	-1.42117e+06
0.859914	-1.41992e+06
0.866379	-1.41923e+06
0.872845	-1.42124e+06
0.87931	-1.42079e+06
0.885776	-1.41933e+06
0.892241	-1.41896e+06
0.898707	-1.42583e+06
0.905172	-1.42544e+06
0.911638	-1.41973e+06
0.918103	-1.41953e+06
0.924569	-1.42124e+06
0.931034	-1.4236e+06
0.9375	-1.42839e+06
0.943966	-1.42906e+06
0.950431	-1.43537e+06
0.956897	-1.43835e+06
0.963362	-1.43238e+06
0.969828	-1.43706e+06
0.976293	-1.42865e+06
0.982759	-1.4297e+06
0.989224	-1.42838e+06
0.99569	-1.43399e+06
1.00216	-1.43145e+06
1.00862	-1.43021e+06
1.01509	-1.4218e+06
1.02155	-1.42789e+06
1.02802	-1.43318e+06
1.03448	-1.43884e+06
1.04095	-1.44055e+06
1.04741	-1.43917e+06
1.05388	-1.42418e+06
1.06034	-1.42789e+06
1.06681	-1.43301e+06
1.07328	-1.44258e+06
1.07974	-1.43664e+06
1.08621	-1.43429e+06
1.09267	-1.42938e+06
1.09914	-1.43232e+06
1.1056	-1.44311e+06
1.11207	-1.43579e+06
1.11853	-1.43399e+06
1.125	-1.42407e+06
1.13147	-1.42363e+06
1.13793	-1.43051e+06
1.1444	-1.41861e+06
1.15086	-1.4252e+06
1.15733	-1.42624e+06
1.16379	-1.42822e+06
1.17026	-1.42636e+06
1.17672	-1.4249e+06
1.18319	-1.42622e+06
1.18966	-1.43366e+06
1.19612	-1.42332e+06
1.20259	-1.42145e+06
1.20905	-1.42701e+06
1.21552	-1.41967e+06
1.22198	-1.42374e+06
1.22845	-1.42073e+06
1.23491	-1.43022e+06
1.24138	-1.42074e+06
1.24784	-1.4239e+06
1.25431	-1.42481e+06
1.26078	-1.43084e+06
1.26724	-1.41979e+06
1.27371	-1.41339e+06
1.28017	-1.4163e+06
1.28664	-1.41956e+06
1.2931	-1.41496e+06
1.29957	-1.41888e+06
1.30603	-1.42958e+06
1.3125	-1.42948e+06
1.31897	-1.42328e+06
1.32543	-1.41415e+06
1.3319	-1.41554e+06
1.33836	-1.42248e+06
1.34483	-1.42206e+06
1.35129	-1.41212e+06
1.35776	-1.4169e+06
1.36422	-1.42125e+06
1.37069	-1.41834e+06
1.37716	-1.41579e+06
1.38362	-1.41583e+06
1.39009	-1.41543e+06
1.39655	-1.41082e+06
1.40302	-1.40844e+06
1.40948	-1.40249e+06
1.41595	-1.40497e+06
1.42241	-1.40624e+06
1.42888	-1.41072e+06
1.43534	-1.40903e+06
1.44181	-1.41439e+06
1.44828	-1.41831e+06
1.45474	-1.41205e+06
1.46121	-1.40793e+06
1.46767	-1.40652e+06
1.47414	-1.41114e+06
1.4806	-1.4105e+06
1.48707	-1.40957e+06
1.49353	-1.40464e+06
1.5	-1.4104e+06
1.50647	-1.40941e+06
1.51293	-1.40938e+06
1.5194	-1.4057e+06
1.52586	-1.39755e+06
1.53233	-1.40325e+06
1.53879	-1.40596e+06
1.54526	-1.40736e+06
1.55172	-1.40384e+06
1.55819	-1.40025e+06
1.56466	-1.40686e+06
1.57112	-1.39935e+06
1.57759	-1.39662e+06
1.58405	-1.39672e+06
1.59052	-1.39929e+06
1.59698	-1.40236e+06
1.60345	-1.39019e+06
1.60991	-1.39961e+06
1.61638	-1.39410e+06
1.62284	-1.39316e+06
1.62931	-1.39641e+06
1.63578	-1.40334e+06
1.64224	-1.40204e+06
1.64871	-1.39806e+06
1.65517	-1.39557e+06
1.66164	-1.39861e+06
1.6681	-1.39606e+06
1.67457	-1.39356e+06
1.68103	-1.38358e+06
1.6875	-1.38228e+06
1.69397	-1.38583e+06
1.70043	-1.38476e+06
1.7069	-1.37804e+06
1.71336	-1.39155e+06
1.71983	-1.39828e+06
1.72629	-1.39895e+06
1.73276	-1.39423e+06
1.73922	-1.39142e+06
1.74569	-1.38953e+06
1.75216	-1.38811e+06
1.75862	-1.38508e+06
1.76509	-1.37884e+06
1.77155	-1.38272e+06
1.77802	-1.38117e+06
1.78448	-1.38437e+06
1.79095	-1.38214e+06
1.79741	-1.38256e+06
1.80388	-1.38742e+06
1.81034	-1.38976e+06
1.81681	-1.38291e+06
1.82328	-1.37719e+06
1.82974	-1.38203e+06
1.83621	-1.37755e+06
1.84267	-1.36521e+06
1.84914	-1.37215e+06
1.8556	-1.37173e+06
1.86207	-1.37489e+06
1.86853	-1.36493e+06
1.875	-1.3692e+06
1.88147	-1.36804e+06
1.88793	-1.36645e+06
1.8944	-1.36984e+06
1.90086	-1.38163e+06
1.90733	-1.38386e+06
1.91379	-1.36983e+06
1.92026	-1.36835e+06
1.92672	-1.36453e+06
1.93319	-1.36752e+06
1.93966	-1.36312e+06
1.94612	-1.3548e+06
1.95259	-1.35424e+06
1.95905	-1.35015e+06
1.96552	-1.35865e+06
1.97198	-1.35406e+06
1.97845	-1.35063e+06
1.98491	-1.35754e+06
1.99138	-1.35985e+06
1.99784	-1.3515e+06
2.00431	-1.35033e+06
2.01078	-1.34588e+06
2.01724	-1.34984e+06
2.02371	-1.36079e+06
2.03017	-1.35645e+06
2.03664	-1.35441e+06
2.0431	-1.35235e+06
2.04957	-1.34551e+06
2.05603	-1.3482e+06
2.0625	-1.35064e+06
2.06897	-1.35184e+06
2.07543	-1.34641e+06
2.0819	-1.3496e+06
2.08836	-1.34136e+06
2.09483	-1.34876e+06
2.10129	-1.34549e+06
2.10776	-1.34277e+06
2.11422	-1.33952e+06
2.12069	-1.33669e+06
2.12716	-1.34157e+06
2.13362	-1.34185e+06
2.14009	-1.33418e+06
2.14655	-1.33725e+06
2.15302	-1.33796e+06
2.15948	-1.34285e+06
2.16595	-1.34161e+06
2.17241	-1.33748e+06
2.17888	-1.32666e+06
2.18534	-1.3397e+06
2.19181	-1.34478e+06
2.19828	-1.33459e+06
2.20474	-1.33266e+06
2.21121	-1.33096e+06
2.21767	-1.32053e+06
2.22414	-1.31946e+06
2.2306	-1.33134e+06
2.23707	-1.32725e+06
2.24353	-1.32566e+06
2.25	-1.32654e+06
2.25647	-1.32462e+06
2.26293	-1.31428e+06
2.2694	-1.31561e+06
2.27586	-1.32482e+06
2.28233	-1.32748e+06
2.28879	-1.32537e+06
2.29526	-1.32124e+06
2.30172	-1.32531e+06
2.30819	-1.31740e+06
2.31466	-1.31216e+06
2.32112	-1.31804e+06
2.32759	-1.31688e+06
2.33405	-1.31562e+06
2.34052	-1.31417e+06
2.34698	-1.31684e+06
2.35345	-1.31701e+06
2.35991	-1.31364e+06
2.36638	-1.30362e+06
2.37284	-1.31013e+06
2.37931	-1.32062e+06
2.38578	-1.32333e+06
2.39224	-1.30734e+06
2.39871	-1.30712e+06
2.40517	-1.31132e+06
2.41164	-1.31042e+06
2.4181	-1.31017e+06
2.42457	-1.31912e+06
2.43103	-1.30684e+06
2.4375	-1.29831e+06
2.44397	-1.30999e+06
2.45043	-1.31329e+06
2.4569	-1.30858e+06
2.46336	-1.30582e+06
2.46983	-1.311e+06
2.47629	-1.30534e+06
2.48276	-1.30339e+06
2.48922	-1.30424e+06
2.49569	-1.3086e+06
2.50216	-1.30374e+06
2.50862	-1.30089e+06
2.51509	-1.30033e+06
2.52155	-1.29736e+06
2.52802	-1.29233e+06
2.53448	-1.3007e+06
2.54095	-1.29527e+06
2.54741	-1.30002e+06
2.55388	-1.2928e+06
2.56034	-1.28003e+06
2.56681	-1.28518e+06
2.57328	-1.28223e+06
2.57974	-1.29163e+06
2.58621	-1.29366e+06
2.59267	-1.28801e+06
2.59914	-1.28891e+06
2.6056	-1.28352e+06
2.61207	-1.27908e+06
2.61853	-1.2891e+06
2.625	-1.29033e+06
2.63147	-1.27786e+06
2.63793	-1.27394e+06
2.6444	-1.27602e+06
2.65086	-1.27186e+06
2.65733	-1.28293e+06
2.66379	-1.28401e+06
2.67026	-1.27784e+06
2.67672	-1.26489e+06
2.68319	-1.26904e+06
2.68966	-1.27687e+06
2.69612	-1.27477e+06
2.70259	-1.27085e+06
2.70905	-1.2689e+06
2.71552	-1.26817e+06
2.72198	-1.27581e+06
2.72845	-1.27363e+06
2.73491	-1.26972e+06
2.74138	-1.25724e+06
2.74784	-1.26149e+06
2.75431	-1.26541e+06
2.76078	-1.25804e+06
2.76724	-1.25832e+06
2.77371	-1.25675e+06
2.78017	-1.25484e+06
2.78664	-1.24653e+06
2.7931	-1.2561e+06
2.79957	-1.25822e+06
2.80603	-1.26082e+06
2.8125	-1.26115e+06
2.81897	-1.26102e+06
2.82543	-1.25554e+06
2.8319	-1.25167e+06
2.83836	-1.25403e+06
2.84483	-1.25429e+06
2.85129	-1.25541e+06
2.85776	-1.25702e+06
2.86422	-1.25789e+06
2.87069	-1.2525e+06
2.87716	-1.2367e+06
2.88362	-1.24032e+06
2.89009	-1.25629e+06
2.89655	-1.25008e+06
2.90302	-1.2432e+06
2.90948	-1.24569e+06
2.91595	-1.24566e+06
2.92241	-1.23736e+06
2.92888	-1.23431e+06
2.93534	-1.24378e+06
2.94181	-1.24366e+06
2.94828	-1.24046e+06
2.95474	-1.24374e+06
2.96121	-1.24137e+06
2.96767	-1.23024e+06
2.97414	-1.22125e+06
2.9806	-1.23647e+06
2.98707	-1.23459e+06
2.99353	-1.23247e+06
