# sweepparam	measured1
# "sweepparam"	"measured1"
# 928
-5	696378
-4.98922	703225
-4.97845	696398
-4.96767	697992
-4.9569	695343
-4.94612	698052
-4.93534	701276
-4.92457	698972
-4.91379	694476
-4.90302	695944
-4.89224	696965
-4.88147	692761
-4.87069	703624
-4.85991	702719
-4.84914	702296
-4.83836	705611
-4.82759	704925
-4.81681	708679
-4.80603	707475
-4.79526	706841
-4.78448	707905
-4.77371	710416
-4.76293	707675
-4.75216	708449
-4.74138	711916
-4.7306	713489
-4.71983	715579
-4.70905	718965
-4.69828	716603
-4.6875	722216
-4.67672	717731
-4.66595	713381
-4.65517	712371
-4.6444	721502
-4.63362	729117
-4.62284	723043
-4.61207	720681
-4.60129	723476
-4.59052	731946
-4.57974	738545
-4.56897	725622
-4.55819	724753
-4.54741	726361
-4.53664	729031
-4.52586	734398
-4.51509	734443
-4.50431	731186
-4.49353	733813
-4.48276	736385
-4.47198	747575
-4.46121	739631
-4.45043	742005
-4.43966	743585
-4.42888	737311
-4.4181	741970
-4.40733	745245
-4.39655	743553
-4.38578	743435
-4.375	745420
-4.36422	751312
-4.35345	747906
-4.34267	751006
-4.3319	753291
-4.32112	754408
-4.31034	746955
-4.29957	749983
-4.28879	751792
-4.27802	747193
-4.26724	755202
-4.25647	753870
-4.24569	745849
-4.23491	744985
-4.22414	746925
-4.21336	742405
-4.20259	743642
-4.19181	753245
-4.18103	755252
-4.17026	754803
-4.15948	740113
-4.14871	740332
-4.13793	750485
-4.12716	751919
-4.11638	758211
-4.1056	761184
-4.09483	753796
-4.08405	760985
-4.07328	761376
-4.0625	756109
-4.05172	759584
-4.04095	757927
-4.03017	761590
-4.0194	770118
-4.00862	764380
-3.99784	761542
-3.98707	774489
-3.97629	769304
-3.96552	770483
-3.95474	765130
-3.94397	759531
-3.93319	773544
-3.92241	767308
-3.91164	768088
-3.90086	770948
-3.89009	764578
-3.87931	764674
-3.86853	773071
-3.85776	769517
-3.84698	778459
-3.83621	777744
-3.82543	772210
-3.81466	779674
-3.80388	780801
-3.7931	769813
-3.78233	771616
-3.77155	769084
-3.76078	769833
-3.75	776360
-3.73922	773533
-3.72845	778077
-3.71767	775571
-3.7069	774064
-3.69612	774668
-3.68534	777204
-3.67457	772813
-3.66379	780612
-3.65302	774380
-3.64224	779771
-3.63147	773799
-3.62069	765119
-3.60991	765886
-3.59914	774084
-3.58836	771105
-3.57759	772264
-3.56681	776555
-3.55603	778506
-3.54526	773353
-3.53448	773906
-3.52371	780022
-3.51293	773253
-3.50216	774949
-3.49138	779057
-3.4806	781350
-3.46983	787657
-3.45905	784535
-3.44828	781304
-3.4375	780313
-3.42672	780542
-3.41595	779834
-3.40517	782347
-3.3944	782485
-3.38362	777340
-3.37284	782394
-3.36207	786168
-3.35129	780751
-3.34052	782535
-3.32974	775543
-3.31897	776156
-3.30819	774308
-3.29741	777545
-3.28664	786480
-3.27586	787486
-3.26509	783213
-3.25431	781090
-3.24353	781368
-3.23276	782139
-3.22198	783339
-3.21121	781880
-3.20043	771297
-3.18966	773737
-3.17888	780018
-3.1681	782915
-3.15733	787670
-3.14655	791940
-3.13578	786183
-3.125	781850
-3.11422	775693
-3.10345	787108
-3.09267	786239
-3.0819	786920
-3.07112	779962
-3.06034	780959
-3.04957	782687
-3.03879	783704
-3.02802	783897
-3.01724	785891
-3.00647	780563
-2.99569	782486
-2.98491	784985
-2.97414	790492
-2.96336	783753
-2.95259	772430
-2.94181	775022
-2.93103	781663
-2.92026	785155
-2.90948	780519
-2.89871	784257
-2.88793	777210
-2.87716	773510
-2.86638	783829
-2.8556	774788
-2.84483	769964
-2.83405	772949
-2.82328	779255
-2.8125	775930
-2.80172	773950
-2.79095	773266
-2.78017	775772
-2.7694	777468
-2.75862	772596
-2.74784	776841
-2.73707	778001
-2.72629	776818
-2.71552	785366
-2.70474	776958
-2.69397	775340
-2.68319	774559
-2.67241	771003
-2.66164	776311
-2.65086	769166
-2.64009	766902
-2.62931	768597
-2.61853	764224
-2.60776	771227
-2.59698	770547
-2.58621	775624
-2.57543	767513
-2.56466	768265
-2.55388	778479
-2.5431	773812
-2.53233	770160
-2.52155	766953
-2.51078	768572
-2.5	772301
-2.48922	770978
-2.47845	769461
-2.46767	773743
-2.4569	774926
-2.44612	765311
-2.43534	768558
-2.42457	766316
-2.41379	764419
-2.40302	761954
-2.39224	764943
-2.38147	773867
-2.37069	764792
-2.35991	777709
-2.34914	780757
-2.33836	768614
-2.32759	765947
-2.31681	764607
-2.30603	766293
-2.29526	761112
-2.28448	760190
-2.27371	760120
-2.26293	756860
-2.25216	756046
-2.24138	758876
-2.2306	761512
-2.21983	760617
-2.20905	754635
-2.19828	760329
-2.1875	763147
-2.17672	762375
-2.16595	761169
-2.15517	762406
-2.1444	747572
-2.13362	750973
-2.12284	751236
-2.11207	744240
-2.10129	753514
-2.09052	750925
-2.07974	742296
-2.06897	742251
-2.05819	748696
-2.04741	744413
-2.03664	741174
-2.02586	749864
-2.01509	747381
-2.00431	735051
-1.99353	737346
-1.98276	736642
-1.97198	737777
-1.96121	747954
-1.95043	738590
-1.93966	745726
-1.92888	735199
-1.9181	732716
-1.90733	728865
-1.89655	728404
-1.88578	725787
-1.875	735537
-1.86422	733119
-1.85345	730331
-1.84267	731662
-1.8319	726613
-1.82112	728967
-1.81034	732261
-1.79957	734412
-1.78879	731474
-1.77802	720255
-1.76724	725578
-1.75647	730989
-1.74569	725253
-1.73491	722035
-1.72414	714631
-1.71336	714435
-1.70259	715484
-1.69181	717156
-1.68103	725520
-1.67026	723861
-1.65948	717865
-1.64871	715086
-1.63793	717959
-1.62716	708728
-1.61638	704583
-1.6056	705648
-1.59483	711717
-1.58405	705851
-1.57328	708662
-1.5625	707047
-1.55172	698011
-1.54095	698059
-1.53017	697622
-1.5194	698706
-1.50862	698405
-1.49784	689555
-1.48707	697416
-1.47629	698610
-1.46552	686538
-1.45474	695532
-1.44397	698443
-1.43319	691582
-1.42241	682274
-1.41164	680844
-1.40086	681805
-1.39009	687180
-1.37931	682240
-1.36853	678828
-1.35776	680768
-1.34698	680375
-1.33621	672674
-1.32543	669442
-1.31466	665098
-1.30388	661479
-1.2931	656018
-1.28233	661210
-1.27155	664561
-1.26078	669155
-1.25	671322
-1.23922	663836
-1.22845	659050
-1.21767	664688
-1.2069	663350
-1.19612	650648
-1.18534	651506
-1.17457	653116
-1.16379	651448
-1.15302	651570
-1.14224	646020
-1.13147	640548
-1.12069	648064
-1.10991	645903
-1.09914	640631
-1.08836	638332
-1.07759	639604
-1.06681	634921
-1.05603	636276
-1.04526	635290
-1.03448	631930
-1.02371	635463
-1.01293	632523
-1.00216	636196
-0.991379	630154
-0.980603	630673
-0.969828	623265
-0.959052	623114
-0.948276	615089
-0.9375	611941
-0.926724	619828
-0.915948	615128
-0.905172	613082
-0.894397	612006
-0.883621	599373
-0.872845	603909
-0.862069	612497
-0.851293	610293
-0.840517	610321
-0.829741	602272
-0.818966	600895
-0.80819	605145
-0.797414	600907
-0.786638	591761
-0.775862	593921
-0.765086	592989
-0.75431	590526
-0.743534	575724
-0.732759	577939
-0.721983	580111
-0.711207	569325
-0.700431	571505
-0.689655	574614
-0.678879	569101
-0.668103	575170
-0.657328	575601
-0.646552	567999
-0.635776	558495
-0.625	555054
-0.614224	553020
-0.603448	550777
-0.592672	541806
-0.581897	548853
-0.571121	560881
-0.560345	565570
-0.549569	555716
-0.538793	545802
-0.528017	551206
-0.517241	556171
-0.506466	542566
-0.49569	537777
-0.484914	534087
-0.474138	533896
-0.463362	533641
-0.452586	530189
-0.44181	524486
-0.431034	526387
-0.420259	529638
-0.409483	523209
-0.398707	519412
-0.387931	525152
-0.377155	517495
-0.366379	507983
-0.355603	509558
-0.344828	506552
-0.334052	511828
-0.323276	508612
-0.3125	504941
-0.301724	504540
-0.290948	505309
-0.280172	505121
-0.269397	488885
-0.258621	486903
-0.247845	491643
-0.237069	481483
-0.226293	478949
-0.215517	483817
-0.204741	483353
-0.193966	482279
-0.18319	476944
-0.172414	471121
-0.161638	469945
-0.150862	466599
-0.140086	469455
-0.12931	467465
-0.118534	456542
-0.107759	460418
-0.0969828	453006
-0.0862069	460131
-0.075431	459921
-0.0646552	456127
-0.0538793	445737
-0.0431034	444156
-0.0323276	448572
-0.0215517	440346
-0.0107759	433566
0	435353
0.0107759	434278
0.0215517	430905
0.0323276	419884
0.0431034	421272
0.0538793	416236
0.0646552	417940
0.075431	412482
0.0862069	411254
0.0969828	409152
0.107759	400922
0.118534	398537
0.12931	410908
0.140086	410637
0.150862	401237
0.161638	398011
0.172414	395645
0.18319	399283
0.193966	389829
0.204741	386208
0.215517	374187
0.226293	373381
0.237069	377576
0.247845	375537
0.258621	374956
0.269397	377649
0.280172	373015
0.290948	364037
0.301724	364767
0.3125	360765
0.323276	360499
0.334052	359794
0.344828	355551
0.355603	353242
0.366379	344312
0.377155	354687
0.387931	344287
0.398707	342318
0.409483	346839
0.420259	342638
0.431034	334366
0.44181	332092
0.452586	328909
0.463362	321982
0.474138	321849
0.484914	316369
0.49569	315955
0.506466	324027
0.517241	315902
0.528017	308800
0.538793	312585
0.549569	311527
0.560345	305085
0.571121	296662
0.581897	296722
0.592672	292628
0.603448	298589
0.614224	291500
0.625	286540
0.635776	282801
0.646552	288091
0.657328	288349
0.668103	292381
0.678879	278082
0.689655	276183
0.700431	278970
0.711207	270319
0.721983	264408
0.732759	264283
0.743534	259941
0.75431	261107
0.765086	264901
0.775862	265665
0.786638	269470
0.797414	264420
0.80819	253775
0.818966	251553
0.829741	250651
0.840517	253811
0.851293	250291
0.862069	243001
0.872845	240917
0.883621	239135
0.894397	231046
0.905172	232232
0.915948	231033
0.926724	226783
0.9375	231086
0.948276	228381
0.959052	214159
0.969828	215676
0.980603	215865
0.991379	219747
1.00216	216813
1.01293	213183
1.02371	211009
1.03448	208806
1.04526	209948
1.05603	198701
1.06681	201905
1.07759	208426
1.08836	201230
1.09914	189942
1.10991	194904
1.12069	194271
1.13147	189736
1.14224	195710
1.15302	183800
1.16379	173755
1.17457	183345
1.18534	186177
1.19612	183047
1.2069	181051
1.21767	186943
1.22845	181514
1.23922	178796
1.25	181056
1.26078	183142
1.27155	169764
1.28233	165498
1.2931	157605
1.30388	165759
1.31466	168892
1.32543	163259
1.33621	167627
1.34698	163881
1.35776	159654
1.36853	160229
1.37931	159332
1.39009	149495
1.40086	146043
1.41164	144495
1.42241	143294
1.43319	142221
1.44397	148201
1.45474	147283
1.46552	141165
1.47629	140877
1.48707	137704
1.49784	134634
1.50862	132810
1.5194	126728
1.53017	125462
1.54095	122752
1.55172	125293
1.5625	122531
1.57328	118717
1.58405	119903
1.59483	119139
1.6056	115608
1.61638	120704
1.62716	116568
1.63793	107993
1.64871	111866
1.65948	109021
1.67026	108152
1.68103	115142
1.69181	109658
1.70259	110960
1.71336	116002
1.72414	99366
1.73491	101390
1.74569	102715
1.75647	101910
1.76724	92009
1.77802	87280
1.78879	93205
1.79957	97602
1.81034	96590
1.82112	92314
1.8319	84313
1.84267	86330
1.85345	88660
1.86422	88428
1.875	77067
1.88578	83498
1.89655	80618
1.90733	84988
1.9181	87687
1.92888	81803
1.93966	75667
1.95043	78772
1.96121	77748
1.97198	75484
1.98276	73227
1.99353	70967
2.00431	70842
2.01509	71900
2.02586	74094
2.03664	66014
2.04741	70907
2.05819	71145
2.06897	64855
2.07974	58961
2.09052	63275
2.10129	67972
2.11207	61536
2.12284	55534
2.13362	60754
2.1444	60507
2.15517	58873
2.16595	60162
2.17672	55068
2.1875	51268
2.19828	59724
2.20905	62560
2.21983	53070
2.2306	55320
2.24138	51637
2.25216	52273
2.26293	53513
2.27371	56284
2.28448	52116
2.29526	46872
2.30603	51618
2.31681	50655
2.32759	53410
2.33836	46782
2.34914	48784
2.35991	43299
2.37069	46303
2.38147	38936
2.39224	36186
2.40302	36458
2.41379	36329
2.42457	32782
2.43534	27805
2.44612	22367
2.4569	30020
2.46767	43232
2.47845	35066
2.48922	26967
2.5	39278
2.51078	37505
2.52155	25687
2.53233	25909
2.5431	37568
2.55388	30240
2.56466	29797
2.57543	41008
2.58621	35542
2.59698	30173
2.60776	28959
2.61853	28184
2.62931	29674
2.64009	18357
2.65086	14784
2.66164	20294
2.67241	25100
2.68319	19993
2.69397	12346
2.70474	21549
2.71552	15578
2.72629	21235
2.73707	12797
2.74784	11563
2.75862	19153
2.7694	18053
2.78017	17293
2.79095	21850
2.80172	18732
2.8125	19967
2.82328	20982
2.83405	18858
2.84483	16052
2.8556	10050
2.86638	12501
2.87716	12759
2.88793	9998
2.89871	17174
2.90948	13359
2.92026	21793
2.93103	8396
2.94181	10063
2.95259	18076
2.96336	17056
2.97414	3544
2.98491	4699
2.99569	11311
3.00647	4593
3.01724	3171
3.02802	7285
3.03879	7256
3.04957	-3826
3.06034	4573
3.07112	5831
3.0819	2221
3.09267	7547
3.10345	6415
3.11422	12715
3.125	7765
3.13578	3684
3.14655	1208
3.15733	5121
3.1681	12364
3.17888	1311
3.18966	-553
3.20043	10057
3.21121	4763
3.22198	-1206
3.23276	5343
3.24353	4703
3.25431	437
3.26509	1895
3.27586	534
3.28664	-4621
3.29741	-12127
3.30819	-4326
3.31897	486
3.32974	-4561
3.34052	-3890
3.35129	212
3.36207	-3557
3.37284	-1094
3.38362	-130
3.3944	-2731
3.40517	-4089
3.41595	-5553
3.42672	-6216
3.4375	-3435
3.44828	3357
3.45905	4112
3.46983	-7903
3.4806	-8461
3.49138	-5000
3.50216	-1388
3.51293	-866
3.52371	-5503
3.53448	266
3.54526	-1836
3.55603	1379
3.56681	-3357
3.57759	-4226
3.58836	-6465
3.59914	-690
3.60991	-4128
3.62069	-9098
3.63147	-1846
3.64224	-2661
3.65302	-7989
3.66379	-8025
3.67457	-5156
3.68534	-3260
3.69612	-5301
3.7069	10440
3.71767	12989
3.72845	9166
3.73922	-5175
3.75	-4424
3.76078	4206
3.77155	-2230
3.78233	-2840
3.7931	6316
3.80388	4248
3.81466	-3819
3.82543	-5203
3.83621	-3529
3.84698	-6591
3.85776	-4254
3.86853	-6920
3.87931	-10150
3.89009	-1912
3.90086	-4743
3.91164	1760
3.92241	6261
3.93319	1152
3.94397	-3547
3.95474	-676
3.96552	2074
3.97629	-1653
3.98707	-858
3.99784	-3450
4.00862	-8921
4.0194	-6459
4.03017	-2171
4.04095	-2236
4.05172	5399
4.0625	-3542
4.07328	-4844
4.08405	-3476
4.09483	-2812
4.1056	630
4.11638	-882
4.12716	5860
4.13793	-4727
4.14871	-24
4.15948	15
4.17026	3239
4.18103	1256
4.19181	988
4.20259	7627
4.21336	8363
4.22414	3442
4.23491	4817
4.24569	9444
4.25647	8649
4.26724	12360
4.27802	7622
4.28879	9682
4.29957	13839
4.31034	7237
4.32112	-982
4.3319	5847
4.34267	10473
4.35345	10220
4.36422	7426
4.375	3731
4.38578	2734
4.39655	8661
4.40733	2882
4.4181	6426
4.42888	5335
4.43966	2166
4.45043	14280
4.46121	15322
4.47198	10270
4.48276	8834
4.49353	15527
4.50431	11140
4.51509	12006
4.52586	14715
4.53664	8435
4.54741	10629
4.55819	14480
4.56897	8021
4.57974	13032
4.59052	13570
4.60129	14482
4.61207	16018
4.62284	13569
4.63362	2157
4.6444	2266
4.65517	8680
4.66595	12779
4.67672	11222
4.6875	14841
4.69828	25046
4.70905	11430
4.71983	10159
4.7306	18351
4.74138	14947
4.75216	18352
4.76293	22049
4.77371	14886
4.78448	18722
4.79526	16572
4.80603	15221
4.81681	15663
4.82759	19201
4.83836	20832
4.84914	18695
4.85991	21285
4.87069	14823
4.88147	23189
4.89224	15177
4.90302	16583
4.91379	23048
4.92457	20933
4.93534	28166
4.94612	28068
4.9569	24952
4.96767	16478
4.97845	20939
4.98922	23099
